100
3 1 5 15 13 11
3 0 8 23 22 21
2 1 7 17 18
1 1 2 14
1 0 9 23
3 0 9 24 7 23
3 0 7 22 17 17
3 0 2 2 3 2
1 0 4 23
1 0 9 29
2 0 1 18 2
1 0 3 5
1 0 3 6
2 0 2 22 28
3 0 7 18 14 17
1 0 8 21
1 1 6 13
3 0 6 27 22 5
3 2 8 30 21 26
1 0 8 21
1 0 9 24
3 0 10 27 27 7
1 1 2 27
2 2 8 21 16
3 1 9 25 7 30
2 0 4 25 9
1 0 0 10
2 0 4 24 12
3 3 8 7 18 20
1 0 0 4
2 2 10 10 28
3 2 8 24 14 30
2 0 8 14 15
3 1 8 29 2 15
2 0 2 10 12
1 1 6 5
2 2 7 4 19
1 0 5 20
2 0 3 11 22
3 2 4 29 18 28
2 0 5 11 11
1 0 3 4
1 0 6 15
1 0 7 3
2 2 10 13 9
2 0 2 13 30
2 0 4 3 0
1 1 0 27
3 0 5 12 21 12
3 0 6 15 15 10
3 0 2 3 20 7
1 1 8 14
3 2 10 28 29 12
3 0 1 29 28 22
2 0 0 5 19
1 0 9 24
1 0 10 7
2 0 8 2 17
3 0 2 3 3 2
3 1 7 18 17 1
2 2 0 14 18
1 0 1 27
3 0 2 17 3 2
2 0 10 3 19
1 0 2 3
2 1 8 21 21
3 0 4 9 8 9
2 1 3 27 30
2 2 0 18 7
1 0 3 8
3 3 3 15 8 12
3 1 7 16 18 17
1 0 4 9
2 2 3 28 17
2 0 6 23 14
2 0 3 16 22
1 0 1 10
2 2 1 14 5
3 0 4 20 0 16
3 1 7 18 17 7
3 2 3 5 5 6
2 1 1 28 0
1 1 9 11
1 0 1 2
1 1 7 6
1 0 8 21
3 0 3 21 6 21
2 0 3 5 5
1 0 0 30
2 0 10 30 30
1 0 1 0
3 0 3 28 17 16
2 1 0 2 25
3 0 0 0 0 0
1 0 5 12
3 3 7 23 3 13
3 0 6 27 6 26
3 0 10 0 6 0
3 1 8 6 21 21
1 0 9 9
