[15, 13, 11]
5
"sur: 1"
[5, 5, 5]
[5, 4, 4]
[5, 3, 3]
Case #1: 3
[23, 22, 21]
8
"sur: 0"
[8, 8, 7]
[8, 7, 7]
[7, 7, 7]
Case #2: 2
[18, 17]
7
"sur: 1"
[7, 6, 5]
[6, 6, 5]
Case #3: 1
[14]
2
"sur: 1"
[5, 5, 4]
Case #4: 1
[23]
9
"sur: 0"
[8, 8, 7]
Case #5: 0
[24, 23, 7]
9
"sur: 0"
[8, 8, 8]
[8, 8, 7]
[3, 2, 2]
Case #6: 0
[22, 17, 17]
7
"sur: 0"
[8, 7, 7]
[6, 6, 5]
[6, 6, 5]
Case #7: 1
[3, 2, 2]
2
"sur: 0"
[1, 1, 1]
[1, 1, 0]
[1, 1, 0]
Case #8: 0
[23]
4
"sur: 0"
[8, 8, 7]
Case #9: 1
[29]
9
"sur: 0"
[10, 10, 9]
Case #10: 1
[18, 2]
1
"sur: 0"
[6, 6, 6]
[1, 1, 0]
Case #11: 2
[5]
3
"sur: 0"
[2, 2, 1]
Case #12: 0
[6]
3
"sur: 0"
[2, 2, 2]
Case #13: 0
[28, 22]
2
"sur: 0"
[10, 9, 9]
[8, 7, 7]
Case #14: 2
[18, 17, 14]
7
"sur: 0"
[6, 6, 6]
[6, 6, 5]
[5, 5, 4]
Case #15: 0
[21]
8
"sur: 0"
[7, 7, 7]
Case #16: 0
[13]
6
"sur: 1"
[6, 4, 3]
Case #17: 1
[27, 22, 5]
6
"sur: 0"
[9, 9, 9]
[8, 7, 7]
[2, 2, 1]
Case #18: 2
[30, 26, 21]
8
"sur: 2"
[10, 10, 10]
[9, 9, 8]
[8, 7, 6]
Case #19: 3
[21]
8
"sur: 0"
[7, 7, 7]
Case #20: 0
[24]
9
"sur: 0"
[8, 8, 8]
Case #21: 0
[27, 27, 7]
10
"sur: 0"
[9, 9, 9]
[9, 9, 9]
[3, 2, 2]
Case #22: 0
[27]
2
"sur: 1"
[9, 9, 9]
Case #23: 1
[21, 16]
8
"sur: 2"
[8, 7, 6]
[7, 5, 4]
Case #24: 1
[30, 25, 7]
9
"sur: 1"
[10, 10, 10]
[9, 8, 8]
[4, 2, 1]
Case #25: 2
[25, 9]
4
"sur: 0"
[9, 8, 8]
[3, 3, 3]
Case #26: 1
[10]
0
"sur: 0"
[4, 3, 3]
Case #27: 1
[24, 12]
4
"sur: 0"
[8, 8, 8]
[4, 4, 4]
Case #28: 2
[20, 18, 7]
8
"sur: 3"
[8, 6, 6]
[7, 6, 5]
[4, 2, 1]
Case #29: 1
[4]
0
"sur: 0"
[2, 1, 1]
Case #30: 1
[28, 10]
10
"sur: 2"
[10, 9, 9]
[5, 3, 2]
Case #31: 1
[30, 24, 14]
8
"sur: 2"
[10, 10, 10]
[8, 8, 8]
[6, 4, 4]
Case #32: 2
[15, 14]
8
"sur: 0"
[5, 5, 5]
[5, 5, 4]
Case #33: 0
[29, 15, 2]
8
"sur: 1"
[10, 10, 9]
[6, 5, 4]
[1, 1, 0]
Case #34: 1
[12, 10]
2
"sur: 0"
[4, 4, 4]
[4, 3, 3]
Case #35: 2
[5]
6
"sur: 1"
[3, 1, 1]
Case #36: 0
[19, 4]
7
"sur: 2"
[7, 6, 6]
[3, 1, 0]
Case #37: 1
[20]
5
"sur: 0"
[7, 7, 6]
Case #38: 1
[22, 11]
3
"sur: 0"
[8, 7, 7]
[4, 4, 3]
Case #39: 2
[29, 28, 18]
4
"sur: 2"
[10, 10, 9]
[10, 9, 9]
[6, 6, 6]
Case #40: 3
[11, 11]
5
"sur: 0"
[4, 4, 3]
[4, 4, 3]
Case #41: 0
[4]
3
"sur: 0"
[2, 1, 1]
Case #42: 0
[15]
6
"sur: 0"
[5, 5, 5]
Case #43: 0
[3]
7
"sur: 0"
[1, 1, 1]
Case #44: 0
[13, 9]
10
"sur: 2"
[6, 4, 3]
[4, 3, 2]
Case #45: 0
[30, 13]
2
"sur: 0"
[10, 10, 10]
[5, 4, 4]
Case #46: 2
[3, 0]
4
"sur: 0"
[1, 1, 1]
[0, 0, 0]
Case #47: 0
[27]
0
"sur: 1"
[9, 9, 9]
Case #48: 1
[21, 12, 12]
5
"sur: 0"
[7, 7, 7]
[4, 4, 4]
[4, 4, 4]
Case #49: 1
[15, 15, 10]
6
"sur: 0"
[5, 5, 5]
[5, 5, 5]
[4, 3, 3]
Case #50: 0
[20, 7, 3]
2
"sur: 0"
[7, 7, 6]
[3, 2, 2]
[1, 1, 1]
Case #51: 2
[14]
8
"sur: 1"
[6, 4, 4]
Case #52: 0
[29, 28, 12]
10
"sur: 2"
[10, 10, 9]
[10, 9, 9]
[5, 4, 3]
Case #53: 2
[29, 28, 22]
1
"sur: 0"
[10, 10, 9]
[10, 9, 9]
[8, 7, 7]
Case #54: 3
[19, 5]
0
"sur: 0"
[7, 6, 6]
[2, 2, 1]
Case #55: 2
[24]
9
"sur: 0"
[8, 8, 8]
Case #56: 0
[7]
10
"sur: 0"
[3, 2, 2]
Case #57: 0
[17, 2]
8
"sur: 0"
[6, 6, 5]
[1, 1, 0]
Case #58: 0
[3, 3, 2]
2
"sur: 0"
[1, 1, 1]
[1, 1, 1]
[1, 1, 0]
Case #59: 0
[18, 17, 1]
7
"sur: 1"
[7, 6, 5]
[6, 6, 5]
[1, 0, 0]
Case #60: 1
[18, 14]
0
"sur: 2"
[6, 6, 6]
[5, 5, 4]
Case #61: 2
[27]
1
"sur: 0"
[9, 9, 9]
Case #62: 1
[17, 3, 2]
2
"sur: 0"
[6, 6, 5]
[1, 1, 1]
[1, 1, 0]
Case #63: 1
[19, 3]
10
"sur: 0"
[7, 6, 6]
[1, 1, 1]
Case #64: 0
[3]
2
"sur: 0"
[1, 1, 1]
Case #65: 0
[21, 21]
8
"sur: 1"
[8, 7, 6]
[7, 7, 7]
Case #66: 1
[9, 9, 8]
4
"sur: 0"
[3, 3, 3]
[3, 3, 3]
[3, 3, 2]
Case #67: 0
[30, 27]
3
"sur: 1"
[10, 10, 10]
[9, 9, 9]
Case #68: 2
[18, 7]
0
"sur: 2"
[6, 6, 6]
[3, 2, 2]
Case #69: 2
[8]
3
"sur: 0"
[3, 3, 2]
Case #70: 1
[15, 12, 8]
3
"sur: 3"
[5, 5, 5]
[4, 4, 4]
[3, 3, 2]
Case #71: 3
[18, 17, 16]
7
"sur: 1"
[7, 6, 5]
[6, 6, 5]
[6, 5, 5]
Case #72: 1
[9]
4
"sur: 0"
[3, 3, 3]
Case #73: 0
[28, 17]
3
"sur: 2"
[10, 9, 9]
[6, 6, 5]
Case #74: 2
[23, 14]
6
"sur: 0"
[8, 8, 7]
[5, 5, 4]
Case #75: 1
[22, 16]
3
"sur: 0"
[8, 7, 7]
[6, 5, 5]
Case #76: 2
[10]
1
"sur: 0"
[4, 3, 3]
Case #77: 1
[14, 5]
1
"sur: 2"
[5, 5, 4]
[2, 2, 1]
Case #78: 2
[20, 16, 0]
4
"sur: 0"
[7, 7, 6]
[6, 5, 5]
[0, 0, 0]
Case #79: 2
[18, 17, 7]
7
"sur: 1"
[7, 6, 5]
[6, 6, 5]
[3, 2, 2]
Case #80: 1
[6, 5, 5]
3
"sur: 2"
[3, 2, 1]
[3, 1, 1]
[2, 2, 1]
Case #81: 2
[28, 0]
1
"sur: 1"
[10, 9, 9]
[0, 0, 0]
Case #82: 1
[11]
9
"sur: 1"
[5, 3, 3]
Case #83: 0
[2]
1
"sur: 0"
[1, 1, 0]
Case #84: 1
[6]
7
"sur: 1"
[3, 2, 1]
Case #85: 0
[21]
8
"sur: 0"
[7, 7, 7]
Case #86: 0
[21, 21, 6]
3
"sur: 0"
[7, 7, 7]
[7, 7, 7]
[2, 2, 2]
Case #87: 2
[5, 5]
3
"sur: 0"
[2, 2, 1]
[2, 2, 1]
Case #88: 0
[30]
0
"sur: 0"
[10, 10, 10]
Case #89: 1
[30, 30]
10
"sur: 0"
[10, 10, 10]
[10, 10, 10]
Case #90: 2
[0]
1
"sur: 0"
[0, 0, 0]
Case #91: 0
[28, 17, 16]
3
"sur: 0"
[10, 9, 9]
[6, 6, 5]
[6, 5, 5]
Case #92: 3
[25, 2]
0
"sur: 1"
[9, 8, 8]
[1, 1, 0]
Case #93: 2
[0, 0, 0]
0
"sur: 0"
[0, 0, 0]
[0, 0, 0]
[0, 0, 0]
Case #94: 3
[12]
5
"sur: 0"
[4, 4, 4]
Case #95: 0
[23, 13, 3]
7
"sur: 3"
[8, 8, 7]
[6, 4, 3]
[2, 1, 0]
Case #96: 1
[27, 26, 6]
6
"sur: 0"
[9, 9, 9]
[9, 9, 8]
[2, 2, 2]
Case #97: 2
[6, 0, 0]
10
"sur: 0"
[2, 2, 2]
[0, 0, 0]
[0, 0, 0]
Case #98: 0
[21, 21, 6]
8
"sur: 1"
[8, 7, 6]
[7, 7, 7]
[2, 2, 2]
Case #99: 1
[9]
9
"sur: 0"
[3, 3, 3]
Case #100: 0
